((("send_buf" .
   [2 0 0 0 1 0 0 0])
  ("initEnv" .
   [0 0 0 1 0 0 0])
  ("sqNO" .
   [2 0 0 0])
  ("pbuf" .
   [1 0 0 0])
  ("MAX_LEN" .
   [0 0 2 1 1 0 0])
  ("SEND_BUF_ST" .
   [0 0 0 1 2 0 0 0 0 0 0])
  ("buf" .
   [1 0 0])
  ("flag" .
   [1 0 0 0])
  ("k" .
   [1])
  ("key" .
   [1 0 0])
  ("a" .
   [1])
  ("endif" .
   [3 0 0 0 0])
  ("poker_24_cal" .
   [0 0 0 0 0 3 0 0 0 0 0 0])
  ("cnt" .
   [11 0 0])
  ("card" .
   [10 0 1 0])
  ("in" .
   [4 0])
  ("rand" .
   [1 0 0 0])
  ("rand_card" .
   [0 0 0 0 1 1 0 1 0])
  ("print" .
   [1 0 0 0 0])
  ("DList" .
   [0 0 1 0 0])
  ("include" .
   [3 0 0 0 0 0 0])
  ("main" .
   [1 0 0 0])
  ("return" .
   [0 0 0 0 0 1])
  ("c" .
   [3])
  ("argc" .
   [1 0 0 0])
  ("argv" .
   [1 0 0 0])
  ("NULL" .
   [1 0 0 0])
  ("define" .
   [2 0 0 0 0 0])
  ("POKER_CNT" .
   [0 0 1 1 0 1 0 0 0])
  ("poker_24_point" .
   [0 0 0 1 0 0 0 0 0 0 0 0 0 0])
  ("printf" .
   [3 0 0 0 0 0])
  ("LOG_DBG" .
   [3 0 0 0 0 1 0])
  ("logLevel" .
   [1 0 0 0 0 0 1 0])
  ("LOG_TRACE" .
   [0 0 0 0 1 0 0 0 0])
  ("g_logconfig" .
   [1 0 1 1 0 3 0 0 0 0 0])
  ("pFunOutputPath" .
   [0 0 3 0 2 0 0 0 0 0 0 0 0 0])
  ("LOG_OUTPUT_File" .
   [0 0 0 0 0 0 0 2 0 0 0 0 0 0 0])
  ("syslog" .
   [1 0 0 0 0 0])
  ("LOG_OUTPUT_Console" .
   [0 0 0 0 0 1 0 1 0 0 0 0 0 0 0 0 0 0])
  ("LOG_RUN" .
   [2 0 0 0 0 0 0])
  ("LOG_SEC" .
   [2 0 0 0 0 0 0])
  ("LOG_OPT" .
   [2 0 0 0 0 0 0])
  ("format" .
   [8 0 0 0 0 0])
  ("LOG_LEVEL_CONV" .
   [0 0 0 0 0 0 0 0 0 0 0 0 0 1])
  ("LOG_LEVEL_EN" .
   [0 0 0 0 0 1 0 0 0 0 0 0])
  ("logId" .
   [1 0 0 0 0])
  ("file" .
   [1 0 0 0])
  ("line" .
   [1 0 0 0])
  ("l" .
   [1])
  ("closelog" .
   [1 0 0 0 0 0 0 0])
  ("LOG_OUTPUT_PollDot" .
   [0 0 0 0 0 0 1 0 0 0 0 0 0 0 0 0 0 0])))
